B: 0.9006039089048439
A: 1.298188273285468
C: 0.9006039089048439
D: 0.9006039089048439
